1 Carlos #2900 500 6
2 Juan #2901 800 60 120
3 Armando #2902 20 5 2500 2500 2500 2500 2500
1 Ana #2903 600 8
2 Ana #2904 900 70 150
3 Beatriz #2905 18 3 2800 2800 2800
1 Juan #2906 550 7
2 Luis #2907 1000 80 180
3 Carlos #2908 22 4 2200 2200 2200 2200
1 Maria #2909 700 5
2 Laura #2910 850 65 130
3 Diana #2911 15 6 1950 1950 1950 1950 1950 1950
1 Luis #2912 520 6
2 Carlos #2913 950 75 160
3 Esteban #2914 25 2 3000 3000
1 Sofia #2915 620 8
2 Sofia #2916 1100 90 200
3 Fabiola #2917 19 3 2400 2400 2400
1 Javier #2918 530 7
2 Pedro #2919 820 62 125
3 Gerardo #2920 16 4 2100 2100 2100 2100
1 Laura #2921 720 5
2 Andrea #2922 930 73 155
3 Hugo #2923 23 5 2700 2700 2700 2700 2700
1 Roberto #2924 510 6
2 Miguel #2925 1050 85 190
3 Isabel #2926 21 3 2600 2600 2600
1 Carmen #2927 590 8
2 Patricia #2928 880 68 140
3 Juan #2929 17 6 2300 2300 2300 2300 2300 2300
1 Oscar #2930 540 7
2 Diego #2931 980 78 170
3 Karen #2932 24 4 2900 2900 2900 2900
1 Ana #2933 710 5
2 Marta #2934 1150 95 210
3 Luis #2935 20 5 3100 3100 3100 3100 3100
1 Daniel #2936 525 6
2 Elena #2937 810 61 122
3 Maria #2938 18 3 2800 2800 2800
1 Miguel #2939 630 8
2 Javier #2940 920 72 152
3 Nicolas #2941 22 4 3200 3200 3200 3200
1 Carolina #2942 550 7
2 Carmen #2943 1005 82 185
3 Olivia #2944 15 6 2400 2400 2400 2400 2400 2400
1 Pedro #2945 730 5
2 Paula #2946 965 77 165
3 Pablo #2947 25 2 3300 3300
1 Raquel #2948 515 6
2 Daniel #2949 1120 92 205
3 Quetzal #2950 19 3 3000 3000 3000
1 Jorge #2951 610 8
2 Teresa #2952 805 60 120
3 Ramon #2953 16 4 2600 2600 2600 2600
1 Marta #2954 560 7
2 Ignacio #2955 915 71 150
3 Sofia #2956 23 5 3500 3500 3500 3500 3500
1 Alberto #2957 740 5
2 Claudia #2958 1030 83 175
3 Tomas #2959 21 3 2900 2900 2900
1 Patricia #2960 505 6
2 Oscar #2961 890 69 145
3 Ursula #2962 17 6 2700 2700 2700 2700 2700 2700
1 Ricardo #2963 600 8
2 Laura #2964 970 76 163
3 Valentin #2965 24 4 3300 3300 3300 3300
1 Isabel #2966 545 7
2 Jorge #2967 1190 97 215
3 Wendy #2968 20 5 3600 3600 3600 3600 3600
1 Sergio #2969 710 5
2 Sara #2970 825 63 128
3 Ximena #2971 18 3 3200 3200 3200
1 Lorena #2972 515 6
2 Gabriel #2973 935 74 158
3 Yahir #2974 22 4 3700 3700 3700 3700
1 Carlos #2975 620 8
2 Ana #2976 1070 87 195
3 Zaira #2977 15 6 2900 2900 2900 2900 2900 2900
1 Monica #2978 555 7
2 Fernando #2979 860 66 135
3 Abel #2980 25 2 3800 3800
1 Juan #2981 725 5
2 Monica #2982 950 75 160
3 Barbara #2983 19 3 3400 3400 3400
1 Ana #2984 510 6
2 Sergio #2985 1200 98 220
3 Carlos #2986 16 4 3100 3100 3100 3100
1 Daniel #2987 590 8
2 Maria #2988 790 59 118
3 Daniela #2989 23 5 4000 4000 4000 4000 4000
1 Laura #2990 535 7
2 Roberto #2991 900 70 150
3 Emilio #2992 21 3 3300 3300 3300
1 Oscar #2993 705 5
2 Elena #2994 990 79 172
3 Fabiana #2995 17 6 3200 3200 3200 3200 3200 3200
1 Luis #2996 525 6
2 Jesus #2997 840 64 133
3 Gabriel #2998 24 4 4100 4100 4100 410
1 Carlos #2999 500 6
2 Juan #3000 800 60 120
3 Armando #3001 20 5 2500 2500 2500 2500 2500
1 Ana #3002 600 8
2 Ana #3003 900 70 150
3 Beatriz #3004 18 3 2800 2800 2800
1 Juan #3005 550 7
2 Luis #3006 1000 80 180
3 Carlos #3007 22 4 2200 2200 2200 2200
1 Maria #3008 700 5
2 Laura #3009 850 65 130
3 Diana #3010 15 6 1950 1950 1950 1950 1950 1950
1 Luis #3011 520 6
2 Carlos #3012 950 75 160
3 Esteban #3013 25 2 3000 3000
1 Sofia #3014 620 8
2 Sofia #3015 1100 90 200
3 Fabiola #3016 19 3 2400 2400 2400
1 Javier #3017 530 7
2 Pedro #3018 820 62 125
3 Gerardo #3019 16 4 2100 2100 2100 2100
1 Laura #3020 720 5
2 Andrea #3021 930 73 155
3 Hugo #3022 23 5 2700 2700 2700 2700 2700
1 Roberto #3023 510 6
2 Miguel #3024 1050 85 190
3 Isabel #3025 21 3 2600 2600 2600
1 Carmen #3026 590 8
2 Patricia #3027 880 68 140
3 Juan #3028 17 6 2300 2300 2300 2300 2300 2300
1 Oscar #3029 540 7
2 Diego #3030 980 78 170
3 Karen #3031 24 4 2900 2900 2900 2900
1 Ana #3032 710 5
2 Marta #3033 1150 95 210
3 Luis #3034 20 5 3100 3100 3100 3100 3100
1 Daniel #3035 525 6
2 Elena #3036 810 61 122
3 Maria #3037 18 3 2800 2800 2800
1 Miguel #3038 630 8
2 Javier #3039 920 72 152
3 Nicolas #3040 22 4 3200 3200 3200 3200
1 Carolina #3041 550 7
2 Carmen #3042 1005 82 185
3 Olivia #3043 15 6 2400 2400 2400 2400 2400 2400
1 Pedro #3044 730 5
2 Paula #3045 965 77 165
3 Pablo #3046 25 2 3300 3300
1 Raquel #3047 515 6
2 Daniel #3048 1120 92 205
3 Quetzal #3049 19 3 3000 3000 3000
1 Jorge #3050 610 8
2 Teresa #3051 805 60 120
3 Ramon #3052 16 4 2600 2600 2600 2600
1 Marta #3053 560 7
2 Ignacio #3054 915 71 150
3 Sofia #3055 23 5 3500 3500 3500 3500 3500
1 Alberto #3056 740 5
2 Claudia #3057 1030 83 175
3 Tomas #3058 21 3 2900 2900 2900
1 Patricia #3059 505 6
2 Oscar #3060 890 69 145
3 Ursula #3061 17 6 2700 2700 2700 2700 2700 2700
1 Ricardo #3062 600 8
2 Laura #3063 970 76 163
3 Valentin #3064 24 4 3300 3300 3300 3300
1 Isabel #3065 545 7
2 Jorge #3066 1190 97 215
3 Wendy #3067 20 5 3600 3600 3600 3600 3600
1 Sergio #3068 710 5
2 Sara #3069 825 63 128
3 Ximena #3070 18 3 3200 3200 3200
1 Lorena #3071 515 6
2 Gabriel #3072 935 74 158
3 Yahir #3073 22 4 3700 3700 3700 3700
1 Carlos #3074 620 8
2 Ana #3075 1070 87 195
3 Zaira #3076 15 6 2900 2900 2900 2900 2900 2900
1 Monica #3077 555 7
2 Fernando #3078 860 66 135
3 Abel #3079 25 2 3800 3800
1 Juan #3080 725 5
2 Monica #3081 950 75 160
3 Barbara #3082 19 3 3400 3400 3400
1 Ana #3083 510 6
2 Sergio #3084 1200 98 220
3 Carlos #3085 16 4 3100 3100 3100 3100
1 Daniel #3086 590 8
2 Maria #3087 790 59 118
3 Daniela #3088 23 5 4000 4000 4000 4000 4000
1 Laura #3089 535 7
2 Roberto #3090 900 70 150
3 Emilio #3091 21 3 3300 3300 3300
1 Oscar #3092 705 5
2 Elena #3093 990 79 172
3 Fabiana #3094 17 6 3200 3200 3200 3200 3200 3200
1 Luis #3095 525 6
2 Jesus #3096 840 64 133
3 Gabriel #3097 24 4 4100 4100 4100 410
2 Jesus #3098 840 64 133
2 Pedro #3099 840 64 133