3 Armando #1500 20 5 2500 2500 2500 2500 2500
3 Beatriz #1501 18 3 2800 2800 2800
3 Carlos #1502 22 4 2200 2200 2200 2200
3 Diana #1503 15 6 1950 1950 1950 1950 1950 1950
3 Esteban #1504 25 2 3000 3000
3 Fabiola #1505 19 3 2400 2400 2400
3 Gerardo #1506 16 4 2100 2100 2100 2100
3 Hugo #1507 23 5 2700 2700 2700 2700 2700
3 Isabel #1508 21 3 2600 2600 2600
3 Juan #1509 17 6 2300 2300 2300 2300 2300 2300
3 Karen #1510 24 4 2900 2900 2900 2900
3 Luis #1511 20 5 3100 3100 3100 3100 3100
3 María #1512 18 3 2800 2800 2800
3 Nicolás #1513 22 4 3200 3200 3200 3200
3 Olivia #1514 15 6 2400 2400 2400 2400 2400 2400
3 Pablo #1515 25 2 3300 3300
3 Quetzal #1516 19 3 3000 3000 3000
3 Ramón #1517 16 4 2600 2600 2600 2600
3 Sofía #1518 23 5 3500 3500 3500 3500 3500
3 Tomás #1519 21 3 2900 2900 2900
3 Úrsula #1520 17 6 2700 2700 2700 2700 2700 2700
3 Valentín #1521 24 4 3300 3300 3300 3300
3 Wendy #1522 20 5 3600 3600 3600 3600 3600
3 Ximena #1523 18 3 3200 3200 3200
3 Yahir #1524 22 4 3700 3700 3700 3700
3 Zaira #1525 15 6 2900 2900 2900 2900 2900 2900
3 Abel #1526 25 2 3800 3800
3 Bárbara #1527 19 3 3400 3400 3400
3 Carlos #1528 16 4 3100 3100 3100 3100
3 Daniela #1529 23 5 4000 4000 4000 4000 4000
3 Emilio #1530 21 3 3300 3300 3300
3 Fabiana #1531 17 6 3200 3200 3200 3200 3200 3200
3 Gabriel #1532 24 4 4100 4100 4100 4100
3 Héctor #1533 20 5 4200 4200 4200 4200 4200
3 Irene #1534 18 3 3500 3500 3500
3 Jorge #1535 22 4 4300 4300 4300 4300
3 Karina #1536 15 6 3600 3600 3600 3600 3600 3600
3 Luisa #1537 25 2 4400 4400
3 Martín #1538 19 3 3700 3700 3700
3 Nora #1539 16 4 3800 3800 3800 3800
3 Óscar #1540 23 5 4500 4500 4500 4500 4500
3 Paula #1541 21 3 3900 3900 3900
3 Quique #1542 17 6 4000 4000 4000 4000 4000 4000
3 Renata #1543 24 4 4600 4600 4600 4600
3 Santiago #1544 20 5 4700 4700 4700 4700 4700
3 Teresa #1545 18 3 4100 4100 4100
3 Uriel #1546 22 4 4800 4800 4800 4800
3 Verónica #1547 15 6 4200 4200 4200 4200 4200 4200
3 Wenceslao #1548 25 2 4900 4900
3 Xóchitl #1549 19 3 4300 4300 4300
3 Yolanda #1550 16 4 4400 4400 4400 4400
3 Zoraida #1551 23 5 5000 5000 5000 5000 5000
